68714171
69076677
69099563
69107361
69108306
69109694
69109696
69115005
69125487
69131795
69151998
69156896
69164082
69170322
69190071
69198817
69199262
69199287
69209924
69212222
69215279
69215341
69221874
69223624
69229554
69230939
69234137
69236207
69236534
69236595
69236829
69237569
69238851
69242721
69244965
69248288
69260465
69268616
69270002
69272813
69276881
69282750
69296211
69296595
69330282
69330772
69336543
69336609
69338022
69338504
69345067
69345985
69346255
69351413
69355147
69358683
69360807
69361773
69362105
69370962
69373438
69375855
69376375
69378369
69378370
69379149
69379799
69386467
69396469
69402938
69403376
69416632
69425250
69439163
69453492
69458492
69458816
69488354
69490097
69492460
69498874
69499889
69507252
69534125
69534128
69535510
69537734
69569757
69591868
69593087
69593440
69604902
69608320
69609795
69626063
69630251
69638567
69639429
69639833
69656665
69667065
69667811
69692949
69694721
69695375
69701114
69709521
69728082
69737044
69743895
69748553
69751241
69751670
69752398
69752817
69754225
69764520
69766366
69769121
69769883
69784381
69787252
69789938
69829073
69834752
69835081
69837727
69842581
69842867
69852537
69855399
69872239
69872320
69878411
69880581
69881585
69881683
69882589
69889118
69889667
69891380
69893056
69905289
69905678
69905682
69907580
69908885
69917729
69917743
69918012
69918246
69928575
69940952
69946699
69947140
69950551
69950559
69955855
69963984
69970237
69971538
69971868
69976213
69977355
69985337
69987905
69992009
69997513
69999722
70003590
70006186
70017160
70019012
70021770
70038592
70053919
70054287
70069623
70077462
70079142
70082237
70088609
70094510
70108513
70109598
70113635
70113856
70118983
70139140
70139717
70149561
70152337
70153329
70153483
70161919
70162594
70169461
70170906
70174251
70174267
70174269
70174271
70174272
70174274
70174276
70174278
70174279
70174282
70174283
70174285
70174288
70174290
70174291
70174293
70174295
70174296
70174298
70174299
70174301
70174305
70174306
70174307
70174308
70174309
70174310
70174316
70174317
70174318
70174321
70174322
70174323
70174324
70174326
70174327
70174328
70174329
70174332
70174333
70174334
70174335
70174337
70174341
70174343
70174344
70174346
70174351
70174352
70174353
70174355
70174358
70174360
70174363
70174365
70174369
70174371
70174373
70174376
70174377
70174379
70174381
70174382
70174383
70174385
70174387
70174388
70174392
70174393
70174394
70174395
70174398
70174402
70174404
70174405
70174406
70174412
70174416
70174419
70174427
70174429
70174430
70174436
70174437
70174438
70174439
70174440
70174442
70174443
70174445
70174446
70174447
70174448
70174449
70174452
70174453
70174454
70174456
70174457
70174458
70174459
70174460
70174461
70174466
70174469
70174471
70174474
70174475
70174476
70174480
70174481
70174482
70174483
70174485
70174488
70174489
70174490
70174491
70174493
70174494
70174496
70174497
70174498
70174503
70174507
70174511
70174514
70174516
70174517
70174518
70174519
70174521
70174522
70174523
70174526
70174527
70174528
70174529
70174530
70174531
70174532
70174533
70174534
70174541
70174542
70174544
70174545
70174549
70174550
70174552
70174554
70174557
70174561
70174563
70174566
70174567
70174568
70174569
70174571
70174572
70174574
70174576
70174578
70174579
70174582
70174586
70174587
70174590
70174591
70174593
70174594
70174597
70174600
70174601
70174602
70174604
70174605
70174607
70174608
70174609
70174610
70174611
70174613
70174614
70174615
70174616
70174617
70174618
70174621
70174622
70178056
70184957
70186775
70187942
70191475
70197504
70197513
70197596
70199626
70203033
70203522
70208087
70209963
70210542
70215236
70215241
70215243
70215244
70215247
70217095
70217309
70222957
70222961
70224833
70224927
70227533
70231259
70232790
70244762
70247200
70248229
70251361
70251897
70253116
70253264
70257730
70259573
70262228
70269818
70269822
70269823
70269826
70269827
70269829
70269832
70269833
70269835
70269836
70269838
70269844
70269846
70269848
70269849
70269851
70269853
70269855
70269856
70269857
70269859
70269863
70269864
70269867
70269875
70269876
70269880
70269881
70269882
70269884
70269885
70269888
70269893
70269894
70269895
70269896
70269899
70269900
70269901
70269903
70269904
70269905
70269908
70269909
70269912
70269913
70269915
70269917
70269918
70269919
70269922
70269925
70269930
70269932
70269935
70269939
70269940
70269941
70269942
70269947
70269951
70269953
70269959
70269960
70269969
70269971
70273976
70274989
70275004
70276342
70278114
70278816
70279911
70283207
70283908
70284844
70285290
70286279
70287204
70289992
70291202
70294291
70294907
70296055
70298956
70301385
70301864
70309433
70309453
70312604
70312605
70314489
70316175
70318451
70318573
70319012
70328838
70329351
70329699
70330546
70330850
70332313
70332315
70335717
70336077
70336555
70336778
70336782
70338106
70338519
70339319
70339776
70339886
70341069
70343897
70344378
70345281
70345870
70345875
70347423
70347425
70347429
70347430
70347431
70347432
70347434
70347436
70347438
70347440
70347441
70347442
70347443
70347444
70347445
70347446
70347447
70347448
70347449
70347450
70347451
70347453
70347455
70347457
70347458
70347460
70347462
70347463
70347464
70347465
70347466
70347467
70347468
70347469
70347470
70347828
70347916
70347920
70350654
70351432
70351464
70351948
70353184
70353697
70353925
70354991
70356580
70357724
70358237
70373511
70374063
70374700
70375131
70375770
70375945
70376782
70377185
70377414
70377901
70378625
70379292
70384826
70394895
70395226
70395687
70396553
70397384
70397385
70397386
70397387
70397388
70397389
70397390
70397391
70397392
70397393
70397394
70397395
70397396
70397398
70397399
70397400
70397401
70397402
70397403
70397405
70397406
70397407
70397408
70397409
70397410
70397411
70397413
70397414
70397415
70397416
70397417
70397418
70397419
70397420
70397421
70397422
70397423
70397424
70397425
70397426
70397427
70397428
70397429
70397430
70397431
70397432
70397433
70397434
70397435
70397436
70397437
70397438
70397439
70397440
70397441
70397442
70397443
70397444
70397445
70397446
70397447
70397448
70397449
70397450
70397451
70397452
70397453
70397454
70397455
70397456
70397457
70397458
70397459
70397460
70397461
70397462
70397463
70397464
70397465
70397466
70397467
70397468
70397469
70397470
70397471
70397472
70397473
70397474
70397475
70397476
70397477
70397478
70397479
70397480
70397481
70397482
70397483
70397484
70397485
70397486
70397487
70397488
70397489
70397490
70397491
70397492
70397493
70397494
70397495
70397496
70397497
70397498
70397499
70397500
70397501
70397502
70397503
70397504
70397505
70397506
70397507
70397509
70397510
70397511
70397512
70397513
70397514
70397515
70397516
70397517
70397518
70397519
70397520
70397521
70397522
70397523
70397524
70397525
70397526
70397527
70397532
70397533
70397534
70397535
70397536
70397537
70397538
70397539
70397540
70397541
70397542
70397543
70397544
70397545
70397546
70397547
70397548
70397549
70397550
70397551
70397552
70397553
70397554
70397555
70397556
70397557
70397558
70397559
70397560
70397561
70397562
70397563
70397564
70397565
70397566
70397568
70397569
70397570
70397571
70397572
70397573
70397574
70397575
70397577
70397578
70397579
70397580
70397581
70397582
70397583
70398729
70398731
70398732
70398733
70398734
70398735
70398737
70398740
70399481
70399955
70400098
70400099
70400100
70400104
70400108
70400109
70400110
70400112
70400113
70400115
70400116
70400117
70400118
70400119
70400120
70400121
70400122
70400123
70400124
70400125
70400126
70400127
70400128
70400130
70400131
70400132
70400133
70400134
70400136
70400138
70400139
70400141
70400142
70400143
70400144
70400145
70400147
70400149
70400150
70400151
70400152
70400154
70400155
70400158
70400159
70400160
70400161
70400162
70400163
70400164
70400165
70400166
70400167
70400168
70400169
70400170
70400171
70400172
70400173
70400174
70400175
70400176
70400177
70400178
70400179
70400180
70400181
70400182
70400183
70400184
70400185
70400186
70400187
70400188
70400189
70400191
70400192
70400193
70400194
70400195
70400198
70400199
70400201
70400202
70400203
70400204
70400205
70400206
70400208
70400209
70400210
70400211
70400212
70400215
70400216
70400217
70400218
70400219
70400220
70400221
70400222
70400223
70400224
70400225
70400226
70400227
70400228
70400229
70400230
70400231
70400232
70400233
70400234
70400235
70400236
70400237
70400238
70400239
70400241
70400242
70400243
70400244
70400245
70400246
70400247
70400248
70400249
70400250
70400251
70400252
70400253
70400255
70400256
70400257
70400258
70400259
70400260
70400262
70400264
70400265
70400266
70400267
70400268
70400270
70400271
70400273
70400275
70400277
70400278
70400279
70400280
70400487
70400489
70400490
70400492
70400493
70400494
70400495
70400496
70400497
70400498
70400499
70400500
70400501
70400502
70400504
70400505
70400506
70400507
70400508
70400511
70400512
70400515
70400516
70400517
70400518
70400526
70400527
70400528
70400529
70400531
70400532
70400533
70400534
70400537
70400539
70400540
70400541
70400542
70400545
70400546
70400547
70400549
70400550
70400551
70400552
70400553
70400554
70400555
70400556
70400557
70400558
70400559
70400560
70400561
70400563
70400564
70400565
70400566
70400567
70400568
70400569
70400570
70400571
70400572
70400573
70400574
70400575
70400576
70400577
70400578
70400579
70400580
70400581
70400582
70400583
70400584
70400586
70400587
70400588
70400589
70400591
70400592
70400593
70400594
70400596
70400597
70400598
70400599
70400600
70400601
70400602
70400603
70400604
70400605
70400606
70400607
70400608
70400609
70400610
70400611
70400613
70400616
70400617
70400618
70400619
70400620
70400621
70400622
70400623
70400624
70400625
70400626
70400627
70400628
70400629
70400630
70400631
70400632
70400634
70400781
70400782
70400783
70400784
70400785
70400786
70400787
70400790
70400793
70400795
70400796
70400797
70400799
70400800
70400801
70400803
70400804
70400805
70400806
70400808
70400811
70400814
70400817
70400818
70400819
70400821
70400823
70400824
70400825
70400826
70400827
70400829
70400830
70400831
70400832
70400833
70400834
70400836
70400837
70400838
70400840
70400841
70400842
70400843
70400844
70400845
70400846
70400847
70400848
70400849
70400850
70400851
70400853
70400854
70400856
70400858
70400859
70400860
70402719
70402722
70402991
70402993
70402994
70402995
70406743
70408767
70411854
70415081
70416857
70427907
70431944
70432637
70433448
70433846
70437110
70437112
70437113
70437114
70437115
70437116
70437117
70437118
70437119
70441359
70442132
70442841
70442871
70443768
70445055
70446427
70446620
70447027
70447531
70449295
70449337
70449345
70450085
70451291
70451801
70451828
70453809
70453899
70455790
70456697
70460133
70460318
70461520
70463482
70467800
70468206
70468350
70468813
70470572
70472077
70472136
70472473
70472493
70472550
70473099
70473236
70473910
70475926
70479949
70481517
70481519
70481523
70485013
70485431
70485976
70488901
70488902
70491234
70491235
70491820
70492546
70492633
70493024
70493137
70493185
70493198
70493473
70494921
70497253
70497750
70497835
70499287
70500653
70501299
70504059
70504723
70504816
70506074
70506198
70506623
70507688
70508194
70508626
70508727
70508750
70510041
70511307
70511871
70511879
70512531
70513007
70513033
70514515
70514519
70514808
70515300
70516352
70516446
70516452
70516566
70516599
70517000
70518555
70519165
70519711
70519787
70521126
70522923
70524258
70524573
70524996
70525002
70525554
70526565
70528407
70528510
70562679
70564001
70564003
70564486
70564524
70565545
70565939
70567009
70567342
70567891
70568654
70569145
70569173
70570463
70571012
70571016
70571722
70577503
70577507
70577517
70577523
70577542
70577608
70577610
70577934
70577935
70577936